7.064625631115376336e+00
6.525782737742995110e+00
6.908083709582631293e+00
6.910993922206894347e+00
6.784748217256537650e+00
6.786702903812663834e+00
7.031835996609513195e+00
6.526040793067201307e+00
7.003922714004153782e+00
6.694494747802305135e+00
7.098622704824235186e+00
6.951586716726534831e+00
6.947529241937153266e+00
6.911787525953942968e+00
6.952337196668106678e+00
6.473462838959256338e+00
7.013165096533796827e+00
6.791613174172689504e+00
6.538617400780252886e+00
6.874369021034917537e+00
7.030227956452711702e+00
6.996405137944284647e+00
7.024903390852777818e+00
6.814526388487688102e+00
6.767281804164265502e+00
6.993175913163153901e+00
6.805583248410933095e+00
6.626213351216333258e+00
6.889151373942588918e+00
6.810368267326501801e+00
6.696812485561023820e+00
6.881015781100805029e+00
7.006716743376733447e+00
6.998772717816930111e+00
6.829949162273333485e+00
6.955768622570992932e+00
6.545780262407398631e+00
6.496137801434267445e+00
6.826686847171385075e+00
6.660534877335811288e+00
6.690385840061995992e+00
6.590628036247967891e+00
7.053329869923215867e+00
6.530332981680410320e+00
6.718250462654047794e+00
6.514125949999582055e+00
6.623909876515811312e+00
6.539307544809547679e+00
6.487241825472518819e+00
6.533042826488735244e+00
7.097163348328017207e+00
6.885182097994379191e+00
6.901384185607652100e+00
6.915994212975691724e+00
6.871046626941158308e+00
6.557715504913022464e+00
6.737805596574903966e+00
6.991580223832733587e+00
6.813218049851178293e+00
6.655765462892075490e+00
6.785497389835055237e+00
6.567840885282601349e+00
6.837482773702888039e+00
6.848898199936814812e+00
6.625998027392820511e+00
6.762157644544709356e+00
6.944452416633914105e+00
6.892273001981365610e+00
6.949655435340877041e+00
6.730574004571078461e+00
6.577290243075358589e+00
6.812889613244451859e+00
6.617610023960007304e+00
6.840779209166313102e+00
6.666172202482326448e+00
6.863548240292194791e+00
6.535907196407996445e+00
6.760133935223759494e+00
7.020004684876184342e+00
6.663818289002571227e+00
6.526235274943553044e+00
6.556051176655262047e+00
6.794635198194505676e+00
6.518497726320557462e+00
6.902419509013288490e+00
6.775980152976043058e+00
7.071885774016355874e+00
6.530243358731626202e+00
6.744656595182188852e+00
6.924409286182325651e+00
7.071214996774771500e+00
6.728287566368022610e+00
7.096333454503996663e+00
6.706505488475428933e+00
6.541377136702125838e+00
6.970955311836499746e+00
6.512729322913165753e+00
6.793800459134095249e+00
6.804947928621841058e+00
7.027536117782750225e+00
6.532725164486088865e+00
6.916181883779128015e+00
6.543222396709202471e+00
6.770896234109430090e+00
6.761335994148025108e+00
6.493908204464502454e+00
6.814592224822632716e+00
7.002680896604681848e+00
6.617121731885634794e+00
6.553213455478155147e+00
6.964409435583082342e+00
6.765735071220976948e+00
7.036180905299091570e+00
6.645002723234004982e+00
6.492133963598277546e+00
6.809360725481552024e+00
6.753213991645315772e+00
7.086569520191998706e+00
6.558166028155114624e+00
6.775814772200050129e+00
6.945870652141821644e+00
6.822156176008007833e+00
6.592398229711879942e+00
6.744401161112187459e+00
6.850940423150730041e+00
7.072187182059036736e+00
6.675116601359490254e+00
6.791308994568654889e+00
6.655502555219111827e+00
7.005883411050302989e+00
7.013292673815897160e+00
6.752577752361572649e+00
6.664458775844110505e+00
6.689112446300134351e+00
6.623918471494107507e+00
6.759481454527746180e+00
6.724503172352918057e+00
6.485759265824913022e+00
6.855036035103786674e+00
7.005696652606730801e+00
6.613784601973964783e+00
6.956563877150237829e+00
6.884696332817157760e+00
6.854357207258548357e+00
7.032006813628177255e+00
7.069987269958486920e+00
7.093004974148308328e+00
6.779973678419830563e+00
6.868948812477172261e+00
6.504878112714795435e+00
6.513372149056622540e+00
6.588851507282136311e+00
7.087061898007834593e+00
6.562635547110923895e+00
7.043581408995057913e+00
6.521329919978177792e+00
6.684666539156676635e+00
6.774233463504977237e+00
6.594242309543377090e+00
6.899845916142198554e+00
7.068213761942196527e+00
6.635939999946253387e+00
7.076724720041467798e+00
7.017793886298431261e+00
6.738696084617046722e+00
6.529548778764144856e+00
6.670176951538678622e+00
6.501723457955330687e+00
6.884190742588372380e+00
6.687825870209648471e+00
7.044711209021485843e+00
6.893873869278468014e+00
7.057096759903801697e+00
6.802981204895631073e+00
7.006204350083518051e+00
7.068320392545292208e+00
6.875155694257728101e+00
6.616781173297969332e+00
7.004519892131716219e+00
6.603157999668027855e+00
6.907066656530413518e+00
7.048285161393823550e+00
7.029004797154227546e+00
6.552248597862131874e+00
6.990668312964197995e+00
6.656928921305021341e+00
6.890733295079310317e+00
6.508018038776823389e+00
6.935561310432936111e+00
6.592182726018205763e+00
6.805162166236835120e+00
6.609453066443131242e+00
6.797130897206892897e+00
6.832853898511948465e+00
6.472253706917996396e+00
7.005995278335320542e+00
6.572522308939395153e+00
6.877954864787959366e+00
6.483993669196712162e+00
7.024044188984324144e+00
6.551997694849190701e+00
6.566842324408641574e+00
7.066653381346313267e+00
6.725268448299028812e+00
6.852139577508304491e+00
6.555462063235749426e+00
6.817532229716694481e+00
6.830126055084659420e+00
6.796198584916825602e+00
6.776369033219157956e+00
6.586575460389931358e+00
6.707392659530746037e+00
6.702938797857098230e+00
6.649707672041307305e+00
6.564811909648096133e+00
6.501437409458239003e+00
6.544593472459233396e+00
7.017664621651782397e+00
6.910734007046322347e+00
7.058798228532259245e+00
6.578556324030671476e+00
6.878727386834006197e+00
6.866654811433405392e+00
6.895002893416779521e+00
6.540561707652139845e+00
6.814889993280482727e+00
6.596065086198180438e+00
7.050839834307592646e+00
6.860816734734567213e+00
6.614556688129414219e+00
6.688253734528623262e+00
6.491375732780045205e+00
6.921249737296578886e+00
7.055774591571056575e+00
6.921854845424804559e+00
6.775608367923752873e+00
7.076777664521152644e+00
7.080656095538167882e+00
7.086288874649973479e+00
7.072189967580383652e+00
6.713039356754035403e+00
6.692319739657043520e+00
7.022815892109739444e+00
6.520125414438072475e+00
6.665951573963153187e+00
6.802901330176531758e+00
6.697016448921393916e+00
6.864358433503756629e+00
6.735700122759231689e+00
6.613135236460530919e+00
6.669388686322316850e+00
7.085988367064963711e+00
6.517025874709389655e+00
6.663925897980021773e+00
6.507516404795937959e+00
6.908692536741164680e+00
6.502082789360919435e+00
6.896198512987572471e+00
6.826943580782981691e+00
6.842061692856389321e+00
6.582754272563343889e+00
6.762839486847732395e+00
7.094960848427221300e+00
6.913084962520704480e+00
6.727635849930231338e+00
6.863623548408070540e+00
6.814425058120749945e+00
6.622597677219324019e+00
6.815013763087318210e+00
6.761197443943915530e+00
6.690344369983459494e+00
6.872589522931525252e+00
6.996452469432448140e+00
6.561060258653737876e+00
6.847950862934245819e+00
6.968158818890154649e+00
6.668631259151570845e+00
6.731069371379514443e+00
6.548465998494255480e+00
6.570780087875112585e+00
7.003016465973360027e+00
6.724520322794762528e+00
6.741671897144838610e+00
7.036588238188710598e+00
6.566354173545662753e+00
6.558641723787353328e+00
6.734516921037639214e+00
6.514637806074078163e+00
6.961233598813374890e+00
6.705469342473381111e+00
6.775533352031751555e+00
6.504924857973287011e+00
6.980442729463534057e+00
6.655073446675918269e+00
6.666303533530793857e+00
6.595744784597265209e+00
6.781084241659527834e+00
6.547829424030121359e+00
6.628589129774143274e+00
6.761988569472103805e+00
7.031720897427672590e+00
6.620298203585917030e+00
6.796521168743546504e+00
6.797593581538588836e+00
6.680144079893690190e+00
7.006221437134903418e+00
6.895715832806924794e+00
7.022381411349842395e+00
6.605528993169858865e+00
6.861355972122171742e+00
6.997951650175052052e+00
6.983817033307791355e+00
6.616573724943729751e+00
6.778218916770126334e+00
6.512307382357308327e+00
6.974863362383461940e+00
6.944283771098984204e+00
6.620567465719946476e+00
6.571236601015268519e+00
6.911881154495291391e+00
6.696042134409989188e+00
7.057292874728399390e+00
6.959937295913759314e+00
7.063382887798253407e+00
7.090782106484873282e+00
7.086665202441065681e+00
6.741242169814777085e+00
6.544362307416144553e+00
6.598798336646290785e+00
7.091480029324052303e+00
6.923070835046968519e+00
7.013598452396569982e+00
6.682676416027164557e+00
6.515088005065972965e+00
6.658784952942284896e+00
6.911273418041828265e+00
6.955132303810070304e+00
6.533202960372615387e+00
6.845280318613895076e+00
6.518042992406391178e+00
7.034673616092619319e+00
6.582809725999414496e+00
6.818353894033699625e+00
7.081747342532731970e+00
7.083239357391136082e+00
7.097285357634353531e+00
7.090418780685427080e+00
7.044103042685628147e+00
6.726060232558237928e+00
6.646317042363555139e+00
6.575221678308253992e+00
6.578879008056064848e+00
6.732429019703250361e+00
6.510261326594836362e+00
6.503947256110325981e+00
6.756598317070098503e+00
6.718874002046489657e+00
6.480031816902789288e+00
6.890006066682929031e+00
6.975954003650481461e+00
6.958472600422885179e+00
6.720874268324001477e+00
6.743150169996310339e+00
6.650005215430232042e+00
6.564688556395815944e+00
7.095547344133195544e+00
6.618001708975613795e+00
6.548313053461471966e+00
6.934786497560637031e+00
6.935828745624903924e+00
6.715911951788088530e+00
6.951326291955013836e+00
6.596065786116033003e+00
6.788436169134212328e+00
6.827821873211910919e+00
6.818857306396836293e+00
6.545299092222741422e+00
6.939664430179024457e+00
6.698065182518340599e+00
6.908087116310245079e+00
6.971602544155866887e+00
6.687378920586277253e+00
6.846805458828807645e+00
6.694578094369147081e+00
6.593706117789646548e+00
6.701837248238959432e+00
6.781069530124433697e+00
6.611834725732773421e+00
7.050319931583477917e+00
6.583120952701282391e+00
6.483815744379997525e+00
6.659442890649584612e+00
6.471071265829782426e+00
6.620709141200821435e+00
6.960335449385361528e+00
6.672413173717369084e+00
6.648027116269065395e+00
6.603626341947490985e+00
6.659676824083266666e+00
6.988296310876068063e+00
6.813005744300625999e+00
6.755274410686515907e+00
6.977696399655037851e+00
6.739892233865766968e+00
6.841267747726998749e+00
6.745781956850154693e+00
6.581840436622035995e+00
6.766841890190220532e+00
7.018286440232371248e+00
6.963395815581741033e+00
6.757638377324276746e+00
6.868695747949850272e+00
7.094892656301285960e+00
7.030383682228878328e+00
6.741465403477819862e+00
6.831974469729573229e+00
7.006275338832768540e+00
6.521828541413132285e+00
6.923309460368171742e+00
6.776243330125783615e+00
7.073833255443701340e+00
6.807232987700681193e+00
6.633853336690695102e+00
6.673313109955298472e+00
6.641879155315074890e+00
6.895275490054212142e+00
6.651439060821429550e+00
7.039627073496719234e+00
6.609647152601567655e+00
6.544131696899661677e+00
6.660807447754132582e+00
6.685908085055317862e+00
7.075764043077653831e+00
6.635526021044562128e+00
6.934252024617592269e+00
6.850327436936415104e+00
6.913253400561088391e+00
6.889755872972719963e+00
7.068563914793217329e+00
6.474852280910138980e+00
6.946790363394683254e+00
6.682151820407675302e+00
6.536274013418248430e+00
6.849171950035444212e+00
6.538120022265344389e+00
6.519029450391629510e+00
6.984703624051754822e+00
6.871130963754550791e+00
7.079649489787100514e+00
6.801436407151948416e+00
6.770925350244256791e+00
6.753612772415016785e+00
6.517650814992368424e+00
6.737188421927790216e+00
6.660573501425220755e+00
7.086207871238507039e+00
7.057452160817169862e+00
6.950407204996746913e+00
7.053698862634163014e+00
7.053007531673391561e+00
6.807018887274180585e+00
6.690422553187703514e+00
6.701614378568603314e+00
6.871603893400337171e+00
6.976649177991753881e+00
6.553207011934420123e+00
7.034011438740065181e+00
6.833403147328605876e+00
6.483189900748851819e+00
6.891676931085362945e+00
6.557481557280074647e+00
6.668267027942295755e+00
6.778254175224248890e+00
6.692156221399694793e+00
6.961921486025408612e+00
6.787094279495110349e+00
6.905590660802418235e+00
6.994070255252087698e+00
6.770440549499574523e+00
6.812151897681413715e+00
6.831449134133355194e+00
6.733528462992135921e+00
6.781587863399739291e+00
6.717427390716385283e+00
6.708040698972025595e+00
6.931648489968790905e+00
7.087792947624424578e+00
6.537189740156969187e+00
6.996519029962909642e+00
6.826069983554120313e+00
6.851651527139916098e+00
6.757055054597779886e+00
6.674219526459911123e+00
6.755363804990308196e+00
6.664549220665802132e+00
6.911669272539935349e+00
6.912914301251437799e+00
6.947835892288324544e+00
6.497066214476667767e+00
6.745429002576754485e+00
