4.478951576062599749e-01
5.166600135940087490e+00
4.849527327134703469e+00
2.464144439442529588e+00
6.074962532604184062e+00
4.197048670430072015e+00
5.673506169479313188e-01
8.196816520553791285e-01
2.686953050826521139e+00
3.569310993547542221e+00
4.447205019318445807e+00
4.613384520112767895e+00
5.703720559612683871e+00
3.806145620835394539e+00
3.063263889663984774e+00
4.284199804547242252e+00
1.535011411515114776e+00
3.720243278173331447e+00
4.992426062854709023e+00
8.692054929344300573e-01
3.053021431624895587e+00
1.708417544260792731e+00
2.816905116121097397e+00
2.010494177642932367e+00
3.078983466299522131e+00
5.009951509659491542e+00
4.643024767179499079e+00
4.554948680566042185e+00
1.565843567041720563e+00
4.285694051963234052e+00
4.361782856263820563e+00
3.707081079505420984e+00
5.698510762467410729e+00
7.200265339238433038e-01
5.396677429911838075e+00
3.714152707208382864e+00
3.234953552958045098e+00
5.423262601566697150e+00
1.052043959179487009e+00
6.056329432014701197e+00
2.068921159797044051e+00
3.492707996861218689e+00
5.255584979742977225e+00
9.885722896701590878e-01
6.658569198051114135e-01
2.028189175205761252e+00
2.097097916351552183e+00
2.788136928313127427e+00
5.403165560308123005e+00
1.894032369936508253e+00
5.180304714500562291e+00
4.642812451804882556e+00
5.245819928530761622e+00
1.816058260293970772e+00
1.277175062313911313e+00
1.276171259114179835e+00
2.025866271406341568e+00
5.432048511718869044e+00
2.623615470543708028e+00
2.394145845406037587e+00
5.989482513460328228e+00
5.078543221633846194e+00
9.556558563918513549e-01
4.123710071602921801e+00
3.894241570479228809e+00
3.970492471697764092e-01
3.432813601853239582e+00
1.572243100770050805e+00
4.004360508941576136e+00
4.264143740915041114e+00
5.268720929534769226e-01
2.706626091305325943e+00
4.364870874150915903e+00
5.576873410304067136e+00
8.415698157013771219e-01
2.512661789307743199e+00
5.864019874772631091e+00
5.153763205499089395e+00
4.733811468108894971e+00
2.940670765862923641e+00
2.568547422159496829e+00
3.016363595900587224e+00
3.193163860205313398e+00
5.778492920031059299e+00
3.829004138225038822e+00
5.123445832299480251e+00
4.915715780432606152e+00
2.158986011226187607e+00
1.770306168154233584e+00
3.208966003771720477e+00
3.276885760571874417e+00
1.202906707326140689e-01
2.540069544817140201e+00
1.675132449373221810e+00
4.157844496736857742e+00
1.752956429475989397e+00
5.665628801323186359e+00
5.151898149176139974e+00
4.634484922239370697e+00
5.439340634022054921e+00
3.507476262487263519e-02
1.874403511928269150e+00
5.741037455939308032e+00
3.403040334377274601e+00
3.198527858814505936e-02
1.512518109187144688e+00
4.891290117374053281e+00
6.258734471411034228e+00
6.188299836500738671e+00
4.823806831047606991e+00
6.523583912872927826e-01
5.888097870225390551e+00
5.764230948137696764e+00
5.285452475010902873e+00
1.131681868988277273e+00
5.177357577524703824e-01
3.075317849786642022e+00
4.838024628501660374e+00
1.411364458225472740e+00
4.047992677447156851e+00
3.813085815803890277e+00
5.365094023720531347e+00
1.660860525301612212e+00
2.112444714630255849e+00
4.351643511101878303e+00
2.737826103393285138e+00
4.190415548144837743e+00
5.019156067728695270e+00
1.837643788295841407e+00
3.566463973464453208e+00
4.810076641723620483e+00
6.055264354595172094e+00
5.235689720724666651e-01
2.128721023702864201e-01
1.864081868273761655e+00
5.673813272994349122e-01
2.557127286228404905e+00
3.213216168620207647e+00
1.555364180007915209e+00
2.756635039408648069e+00
2.525042959722694214e-01
2.076183752220122969e+00
4.488517390306711263e+00
6.116474767752170472e+00
5.788464622424948303e+00
4.373800911824431203e+00
3.785186996959566841e+00
8.102228431771610895e-01
4.006750072036259880e+00
5.103006845996726604e+00
3.368098769088155198e+00
4.019525264486857985e+00
6.121399883010472109e+00
5.936740071504834404e+00
3.698033875009592464e+00
7.379507926688763098e-01
3.633312842682329347e+00
1.059920953203207672e+00
3.159884003365085015e+00
1.834496276554987926e+00
5.435986373682675676e+00
3.038790474930554542e+00
6.260140925268674827e+00
2.935666871098133512e+00
3.369853364098769788e+00
6.044389618407811859e+00
3.421895779271337368e+00
1.963628292091525118e+00
5.893494155457321249e+00
3.769175987718937915e+00
5.992369013757997465e+00
2.697874217714294254e+00
6.101492634780298907e+00
2.757879628966925178e+00
6.217545518459682619e+00
1.325483353935648978e+00
5.212361372801910697e+00
5.965062631889373357e+00
1.212348649020297486e+00
5.563579023001224755e+00
6.084650550492097132e+00
3.097553648827356287e+00
6.265121534988597141e+00
2.390633468535302786e+00
1.749103138185360118e+00
2.604895400605233835e+00
1.452334625541637170e+00
4.590053192439589452e-02
3.610014518000879136e+00
2.878565898863389094e+00
5.136488630610352324e+00
3.272499943264776778e+00
5.311755933650108119e+00
4.124315294674303800e+00
2.659877622247800222e+00
1.146830150894731615e+00
8.389867328885854958e-01
1.298991578975256189e+00
5.400853542610854596e+00
5.521625541516997915e-01
2.887470672266728489e+00
1.979114724368695954e+00
4.484404661609060483e+00
1.681523367170917993e+00
4.537078423369200308e+00
1.989110695722272171e+00
6.049041273231661187e+00
2.510186275177619386e+00
5.285846493147650094e+00
2.462663923782636211e+00
6.020218768478357241e+00
5.581195942084395512e+00
5.001394501230590706e+00
7.729023911267288161e-02
1.956295445019525348e+00
5.802043200025440717e-01
3.320369709653000712e+00
5.451428206762931161e+00
2.896851348667305537e+00
1.633755034096697312e+00
6.265202137813528971e+00
8.207112136576211192e-01
5.303038440004404386e+00
2.803588684890340854e+00
8.793025792460673618e-01
6.171551026526951311e+00
2.507735165244254105e+00
5.651473620398859588e+00
1.343957310966365615e+00
1.961531490284541102e+00
2.802261204177022513e+00
3.662182872806833078e+00
8.818649464140252414e-01
1.004700099519569179e+00
3.245407168288907407e+00
5.503708160921141790e+00
4.354821638688925134e+00
6.509487630022495752e-01
1.558472464295039384e+00
2.966340187557885422e-01
3.570391545359077878e-01
4.335346177129170142e-01
4.279708381037977460e+00
3.412400740369465613e+00
5.820762105221406912e+00
3.926978653520854845e+00
5.159798864150380915e+00
5.932852076342907122e-01
5.405355033580967472e+00
2.956907461446203200e+00
2.329432245969502713e-01
2.327563935911407533e+00
9.639731580542921785e-01
6.420724309620202963e-02
4.100414225246180600e+00
2.678658763831438971e+00
5.586875287503025866e+00
2.139658095172818353e+00
3.678444153369868186e+00
5.466310875956719606e+00
1.496611480217562518e+00
3.956808593831082632e+00
4.643192146365339390e+00
2.375970167499335262e-01
3.577784400857726865e+00
1.934210574110328151e+00
3.940716723177612124e+00
2.672296950854904374e+00
1.070072848343292193e+00
2.880486290590402287e+00
3.653995300689091508e+00
5.367469212199840634e+00
1.320378221460009494e+00
4.497420590556450826e+00
2.102358758677827844e+00
2.232943898082832668e+00
5.094931502260509504e+00
1.724206281475106350e-01
3.783697505182918253e+00
1.777634242116169050e+00
1.245445031534533342e+00
1.915316187109834534e+00
5.481628562456161369e+00
4.414071651703065591e+00
5.942994038957285952e+00
2.680271743720100019e+00
3.097332198240667633e+00
9.415728135505615493e-01
3.325123926280282305e+00
1.143111725929234712e+00
4.760214314951269898e+00
5.834443056935134209e+00
3.691417112783506926e+00
2.837221984660250662e+00
5.251853219685620466e+00
5.729401155476018914e+00
1.228269427832295729e-01
5.654156367793704341e+00
1.839493369006470314e+00
5.018254782988623930e+00
7.594325436499906878e-01
4.272517910890365478e+00
2.367144588464780153e+00
3.429902369507828563e+00
3.243554095171926832e+00
3.883251891745198581e+00
2.683736344391992823e+00
2.030642278405063728e+00
4.402445442986417490e+00
4.900833907889417418e+00
1.442615519898013954e+00
3.358112915609417826e+00
4.103346580125806220e+00
7.824457910140703021e-01
5.699199746076267559e+00
3.345270490111110551e+00
4.328030208258801359e+00
2.034543408624302163e+00
2.339819134215911589e+00
5.639726366620541498e+00
2.438181292438834191e+00
3.737378146323001804e+00
3.991103658128092313e+00
2.136683191862811970e+00
3.604252106301190750e+00
3.668513554124070986e+00
5.402987202647684839e+00
2.779419087956533363e-01
2.976801572614986124e+00
3.023428578368745345e+00
3.056898041653033804e+00
3.359589654061104214e-01
2.939629425041796029e+00
3.771645746833551804e+00
5.374742345348643369e+00
5.665058774825833865e+00
6.306633689029786938e-01
4.086294483063756644e+00
2.188674238468946598e+00
2.003626555676574661e+00
6.013118491773221663e+00
5.476769252889911677e+00
4.323666877430810906e+00
4.752887772412787371e+00
3.326097454299207445e+00
3.833598527090061214e+00
1.105781428524447385e+00
4.692710247638594012e+00
3.664429285989080576e+00
2.645998936136678026e+00
8.574571631174244812e-01
6.747952960258815081e-01
6.705582019045437381e-01
1.940117637545639984e-01
3.502295716079808496e+00
1.759841037478720116e+00
4.803691610646166232e+00
4.979295443830580759e+00
5.550339846155720736e+00
2.390020919192624049e+00
6.221157128757181631e+00
2.188027054583067343e+00
1.700275184836120834e+00
2.269244759266946243e+00
5.618606051881055996e-02
8.528671648534691396e-01
5.326130212117485385e+00
3.523047255390927557e+00
5.933013904185189702e+00
1.285581807691207556e+00
5.369672075202642780e+00
1.154193891121304327e+00
4.202230870429303877e+00
5.678886786649606222e+00
4.958866371005687057e+00
2.779021393590282774e+00
6.418881163451841676e-01
3.456694240398704210e+00
2.624483703737600759e+00
1.667863347109707295e+00
2.086127037035767184e+00
5.469380004137915030e+00
5.754547331140554611e+00
6.746529103927685622e-02
7.690079070824796803e-01
1.886462612933403671e+00
3.959311064261714197e+00
3.205258934213699451e+00
5.654099146500870532e+00
6.573783273281356143e-01
4.387701023645689702e+00
3.032676679340653436e+00
4.179031386538278880e+00
2.170400836944226697e+00
1.546594949102731320e+00
2.434760510508166664e+00
2.733854832325902429e+00
5.094708059706899661e+00
1.153657822646152242e+00
3.407671174123128921e+00
4.981452855811876468e+00
5.021066264374192123e+00
4.514852544158046932e+00
4.398011039330655514e+00
4.918732214483426013e+00
2.985238857242227706e+00
7.217314035530895122e-01
4.735413642174206572e+00
2.642352708401572436e-01
4.632245141527805643e+00
3.299450519524231851e+00
4.102546603193424346e+00
5.160241469263680436e+00
1.193669604927623640e+00
4.103674603074025207e+00
2.021032165856381901e+00
4.696737118112888076e+00
2.853254942515818460e+00
2.315540591918360480e+00
1.987017822030412995e-01
5.087686008937736482e+00
1.362497247232979047e+00
4.819253696295745293e+00
3.446743895537895508e+00
1.838439894377005057e+00
2.760813756799611163e+00
1.997195256704212829e+00
5.310360898291608400e+00
1.901212843030976041e+00
1.815287062520120509e+00
5.899436734110313774e-01
6.237395643696574510e+00
2.433234907363580835e+00
2.218201671965990052e+00
6.867652006742124282e-01
6.035329164986916739e-01
9.704561484911704561e-01
1.539647303628386643e+00
1.521563139705424783e+00
4.995535818205460110e+00
3.081753095096460893e+00
1.139304360037437069e+00
2.484562431298414698e+00
5.189310875100370701e+00
4.271264332713855083e+00
1.857787401410242678e+00
1.980212472689883318e+00
3.431700320154504880e+00
2.144855201310162052e+00
1.079975900152852386e+00
1.374529837618150063e+00
1.983281378409368800e+00
1.652675883548283542e-01
6.174558907272434949e-01
3.630814626328785266e+00
6.147296223695578377e+00
5.611767625498040868e-01
5.384111112939805821e+00
1.271207225176638422e+00
3.454739272913643910e-01
3.192322378542024719e+00
3.717312607555151693e+00
3.945254418905191685e+00
3.536687516580902635e+00
2.959976421525568835e+00
1.539311040468263059e+00
6.049270236703541137e+00
3.527963140092917893e+00
4.806264953143892349e+00
5.717062763441436601e+00
2.387524089287071494e+00
4.792361820161255892e+00
4.489678750299522569e+00
7.776890456268080454e-02
1.910062730998795422e+00
4.672544800778367424e+00
4.004676005603934996e+00
6.205419395109891489e+00
6.756455221922945675e-01
5.821405270531996301e+00
1.568669926574158158e+00
3.666508782135017519e+00
4.980725067873526868e+00
2.077798744612711968e+00
1.739048032727845028e+00
3.308330868815868353e+00
2.509790915984979165e+00
2.364021495880072710e+00
3.026305719274814954e-01
3.487165638040249593e+00
1.594005115986955046e+00
9.743574571168657217e-01
3.484742886494775593e+00
4.609513614846579621e+00
5.841923114977386255e+00
3.835067369791974823e+00
4.964535271732513522e+00
2.069276555308565690e+00
1.675640719347478935e+00
5.772769090824340310e+00
